(Intercept)
0.9631906
1.397256
1.149232
0.9773276
0.6444495
-0.1273566
1.091059
1.315398
1.457417
2.438781
2.340112
2.987504
3.514931
3.993412
4.541529
3.951458
4.1179
4.797623
4.713114
4.499404
4.624573
4.791669
4.983705
4.765142
5.090593
5.831425
7.085349
6.395386
5.51373
5.950602
6.282773
7.159935
5.989974
5.527152
4.700172
4.47151
6.022331
5.616356
5.507058
5.981948
4.978574
4.918496
5.647503
5.728881
5.836135
5.689076
5.493143
4.461977
5.041161
5.094405
5.047264
5.389932
5.426751
4.741532
5.064316
5.617409
6.452427
5.791157
5.372218
5.312658
5.780997
6.037752
4.670879
4.433804
4.675945
5.353934
4.851905
5.088734
4.763089
3.914605
3.058375
3.79021
4.659914
4.25812
4.222278
3.989462
4.336112
5.172848
4.727726
4.748563
4.502226
4.736152
5.404945
6.39416
5.967288
6.030426
5.825941
5.378383
5.175113
5.920455
6.214784
6.079178
6.036245
5.572042
5.572893
4.674734
4.538669
4.583867
3.344755
4.256329
3.957301
3.333013
3.619639
3.933824
3.812299
4.259269
4.208016
4.456522
3.71442
3.624684
4.078455
3.937409
4.340438
4.28654
4.435159
3.739457
3.388349
3.416916
3.11386
2.79363
2.99508
3.274032
3.702921
3.498148
3.592704
3.214057
4.573425
3.933094
4.215236
4.098055
3.788331
3.54936
3.748983
3.370395
2.623527
2.178325
2.267086
1.551093
0.7782143
0.4354038
-0.09182628
-0.3215156
0.1112072
0.1906624
0.6673902
0.9790973
0.987391
0.2719785
0.3695101
0.3564793
1.269589
0.6561929
1.078437
0.3057889
-1.299564
-1.765865
-1.289394
-1.05195
-2.254901
-1.728468
-3.371679
-3.808213
-3.832235
-4.212527
-4.415806
-3.431555
-4.660135
-5.168126
-4.964307
-4.90182
-4.63681
-5.118759
-5.45148
-5.116604
-6.375251
-5.80041
-5.626058
-6.022907
-6.668565
-5.865701
-5.441101
-6.291979
-5.399252
-6.021544
-5.463089
-6.0694
-5.611938
-5.352172
-5.807374
-5.350265
-4.391698
-4.698463
-4.422545
-3.68701
-3.437802
-4.179989
-4.020989
-3.569592
-2.489258
-3.168453
-3.619567
-3.442118
-4.315194
-6.104689
-5.725435
-6.340348
-6.240078
-6.567334
-5.927991
-6.225047
-5.590684
-5.046688
-5.525737
-6.589386
-6.561842
-6.409193
-6.327982
-5.854538
-6.459027
-6.497756
-6.815669
-7.864437
-9.224572
-10.0741
-10.82564
-11.00598
-11.40276
-12.48315
-12.88754
-12.89294
-12.67575
-12.48774
-12.94468
-13.37322
-12.54886
-12.12273
-12.4646
-13.40272
-12.93777
-12.49093
-13.8478
-15.03079
-14.26986
-13.90379
-13.52283
-13.76941
-14.72083
-14.82706
-14.85593
-15.07246
-16.07669
-15.79385
-16.31366
-16.35619
-17.23883
-17.4402
-16.77008
-16.69478
-16.40703
-15.46729
-15.59193
-14.96386
-14.67559
-14.53584
-13.83749
-13.27242
-13.13482
-13.58225
-14.20236
-14.08603
-14.09772
-14.67096
-14.37959
-14.35356
-14.04589
-13.5805
-14.38277
-13.94253
-14.28811
-14.17318
-13.22027
-12.93992
-13.16411
-14.22217
-13.20595
-12.75742
-13.08841
-13.77923
-13.24802
-12.2386
-10.8707
-9.855393
-10.51638
-11.17487
-10.73605
-10.61193
-11.02274
-10.49372
-10.46775
-11.32288
-10.89232
-11.24956
-11.45864
-11.47483
-11.48335
-11.85593
-11.10973
-10.56499
-10.54612
-10.29707
-9.912666
-10.19136
-9.769476
-9.59539
-9.735411
-9.713417
-9.206563
-9.414889
-9.227725
-9.159507
-8.184887
-7.935324
-7.605659
-6.725837
-5.970152
-5.440022
-4.21936
-3.582964
-4.483859
-5.596579
-5.231289
-6.058168
-5.528081
-5.787014
-5.353007
-5.221101
-5.102811
-4.542049
-4.695526
-4.115805
-5.188983
-5.28695
-5.743564
-5.399505
-4.334101
-4.124374
-3.641842
-3.544935
-3.972018
-2.789497
-2.891098
-1.932592
-1.43342
-1.832337
-1.295123
-1.840031
-1.29575
-0.9937227
-1.631849
-1.570694
-1.346802
-2.433198
-1.267272
-1.586095
-1.969521
-1.274484
-0.9436493
-1.572228
-1.214951
-1.93409
-1.428347
-1.468299
-1.071539
-1.954012
-2.131437
-2.826362
-3.701263
-3.772934
-4.459164
-4.503002
-3.770571
-3.730404
-4.123412
-4.658805
-4.279516
-4.870148
-5.880539
-6.009493
-4.901324
-5.714906
-5.690871
-6.759899
-6.326754
-6.169943
-7.138297
-7.653855
-7.581231
-7.227245
-7.947091
-8.133918
-8.61915
-9.260652
-10.11894
-10.24208
-9.531452
-9.917485
-10.32781
-9.806653
-10.09964
-10.16704
-9.961143
-10.49212
-10.66418
-10.99179
-10.79052
-10.84788
-11.09449
-10.77985
-10.21767
-10.54236
-10.04737
-10.23789
-10.54381
-11.82308
-12.39998
-12.05101
-11.86191
-11.99521
-12.63472
-12.91581
-12.3168
-11.91739
-11.78151
-13.35111
-13.97699
-14.18617
-13.74588
-13.29001
-12.6862
-12.41928
-12.89361
-11.66603
-11.20642
-11.47687
-11.4954
-12.20163
-12.77088
-12.66452
-12.84573
-12.86697
-13.17001
-13.63771
-14.0215
-13.43762
-13.56877
-13.32654
-12.3006
-12.91754
-12.552
-13.81998
-13.25598
-13.2707
-14.12156
-13.46576
-13.44585
-14.29148
-14.70275
-14.42606
-14.91256
-15.14299
-15.50764
-15.05874
-14.75363
-15.08349
-14.55045
-14.64843
-15.41344
-15.73587
-16.23439
-15.66931
-16.12403
-17.25633
-17.46857
-18.34711
-18.47547
-18.76981
-18.72455
-19.16662
-18.15648
-18.61897
-18.7741
-18.20528
-18.29085
-18.297
-18.07138
-17.8199
-17.23445
-18.31886
-17.58665
-18.45622
-19.38669
-19.10726
-19.97666
-19.76359
-20.11277
-20.0003
-20.20601
-20.4
-21.08158
-20.9489
-21.05955
-21.82259
-21.67033
-22.58284
-22.72599
-23.50496
-23.51539
-23.07525
-22.47639
-21.97824
-22.65086
-22.7304
-23.05435
-23.09685
-22.79009
-23.71381
-24.41735
-24.31634
-24.30387
-23.38657
-23.24255
-23.10552
-24.2325
-24.68402
-25.26016
-24.64396
-25.45128
-24.69783
-24.41921
-24.61157
-23.8735
-23.5203
-23.24587
-23.8836
-23.36775
-23.48424
-24.26174
-23.70363
-23.32293
-22.2575
-21.88184
-21.76052
-21.92361
-22.09245
-22.36279
-22.21052
-21.46708
-22.79021
-23.67577
-23.02144
-22.78998
-22.2401
-21.10959
-20.6612
-20.20872
-20.84
-21.77016
-22.41991
-22.13621
-22.88064
-22.81109
-22.51227
-22.28052
-22.03568
-22.20763
-22.70826
-22.84162
-23.05468
-22.76601
-22.68234
-22.56579
-21.80268
-21.04648
-21.24978
-21.50024
-21.37419
-22.65011
-22.92005
-23.07945
-23.2294
-23.62329
-23.86565
-24.21933
-24.20536
-23.16846
-22.71232
-22.80313
-21.83589
-21.82854
-21.0526
-21.03656
-22.52023
-21.93941
-22.07486
-23.04921
-23.5305
-23.47613
-23.52441
-24.15358
-24.42174
-25.78738
-26.34516
-25.99553
-24.6794
-23.67548
-23.56117
-23.69478
-23.94346
-23.65365
-23.15814
-24.52446
-24.51346
-24.63667
-24.04358
-24.19771
-22.91851
-22.77369
-23.30286
-22.7278
-23.47167
-24.14271
-24.56679
-23.94138
-23.6515
-23.64783
-22.91264
-22.02864
-21.42979
-20.92509
-21.32468
-21.43953
-22.1791
-22.46372
-21.44528
-20.91522
-21.75054
-21.33653
-20.48327
-20.20109
-20.46132
-19.58156
-19.51507
-19.34854
-18.99394
-18.86766
-18.79024
-18.86865
-18.7666
-20.05764
-20.50499
-20.45494
-21.79898
-21.29047
-21.55371
-22.04394
-20.96227
-20.55344
-20.49072
-21.60111
-22.02425
-21.46008
-20.98302
-21.55091
-20.6012
-20.81896
-20.21426
-20.87519
-19.717
-18.91775
-19.15394
-18.80481
-18.13593
-18.18982
-17.37767
-17.2302
-16.51859
-16.50379
-16.7514
-17.19451
-16.94705
-16.79522
-16.84365
-16.55171
-16.18407
-15.39882
-15.40735
-15.09261
-14.05212
-13.96674
-14.12819
-15.14526
-15.18708
-15.23422
-15.76857
-16.08858
-15.68913
-15.75849
-16.16747
-15.86144
-16.53547
-17.6213
-17.24844
-17.86362
-18.75226
-19.74469
-19.03328
-18.65959
-19.02259
-19.0172
-18.68111
-19.58737
-20.77674
-20.97409
-20.80989
-20.63255
-21.12864
-21.01965
-21.52957
-21.45646
-21.17135
-20.95454
-21.59098
-21.38939
-20.45567
-20.33807
-20.05929
-19.36341
-20.08621
-20.75429
-20.22842
-19.28794
-18.51958
-17.56779
-17.61431
-17.7993
-17.01829
-17.97925
-17.80963
-19.55254
-19.71893
-20.05322
-20.45665
-21.27744
-22.46405
-22.00611
-22.46982
-22.48125
-22.297
-22.45374
-23.1695
-23.53279
-23.91219
-23.80285
-24.12835
-23.92494
-22.55363
-23.21638
-22.02684
-21.01909
-21.08286
-21.43087
-21.13646
-21.17747
-22.29094
-22.70038
-21.69975
-22.32384
-21.84151
-22.36487
-23.30603
-22.70494
-21.97251
-21.82303
-21.95868
-23.21297
-24.37511
-24.74043
-25.55196
-25.47585
-26.23884
-26.45158
-26.01719
-25.99066
-25.73871
-25.25626
-25.04921
-24.89411
-25.38975
-26.13286
-25.42706
-26.03388
-25.08336
-25.03863
-23.78757
-24.00045
-22.83772
-22.27751
-21.37083
-21.09897
-20.80978
-21.59076
-21.79104
-22.9201
-22.85972
-23.96547
-23.66415
-23.34295
-23.83347
-23.86713
-23.81359
-23.60228
-23.06034
-24.17395
-24.73666
-23.99337
-24.64361
-25.84723
-26.78129
-26.94942
-25.60894
-25.8756
-25.78734
-25.74629
-25.5712
-25.45233
-25.39256
-26.129
-25.63891
-24.70704
-24.73705
-24.98132
-25.16193
-24.70292
-24.40619
-23.58086
-23.96748
-23.67258
-24.21906
-24.08789
-23.62507
-23.21073
-24.48552
-25.27553
-24.52543
-24.65239
-25.45332
-25.83542
-24.87582
-25.20665
-25.15011
-24.82093
-25.14425
-25.59702
-25.69876
-26.61992
-26.09229
-25.54913
-24.5686
-23.97908
-24.47987
-25.11422
-24.31172
-24.09577
-23.88021
-25.08556
-25.21008
-24.71722
-25.30076
-25.39616
-25.9693
-26.44699
-26.49686
-26.38783
-26.21986
-26.39056
-26.34542
-25.62351
-24.76754
-24.6045
-24.71355
-24.90981
-24.99082
-25.40292
-24.90801
-24.53595
-24.00989
-23.90881
-23.64387
-23.83245
-22.81483
-23.21047
-22.69012
-22.97116
-23.76349
-24.50113
-24.57507
-23.71081
-24.57781
-24.67963
-25.48251
-26.77499
-26.81555
-26.80774
-27.0829
-27.01012
-26.75842
-28.29076
-28.5092
-27.37341
-27.85014
-28.16067
-28.60794
-28.73409
-27.63886
-28.48692
-28.44644
-28.61598
-28.76175
-27.93701
-28.36096
-28.58226
-28.14959
-28.15186
-27.70668
-27.16242
-27.31626
-26.65576
-27.02633
-27.63561
-26.88716
-27.7813
-27.13805
-27.28145
-26.66924
-27.11603
-27.29579
-27.17208
-26.84963
-26.83593
-28.12473
-28.54752
-28.10925
-28.17783
-28.15535
-29.57084
-29.42609
-29.37721
-29.4422
-30.73559
-30.86735
-29.58495
-29.64348
-28.99245
-28.57851
-28.96463
-30.20286
-30.75338
-30.48755
-29.57985
-29.37329
-29.80691
-29.51603
-29.08823
-28.82273
-28.79887
-28.49162
-27.962
-27.39891
-27.27625
-27.77109
-27.45879
-27.37653
-26.99968
-26.77732
-26.83754
-26.50504
-26.00495
-25.20216
-24.5685
-24.71238
-24.93675
-24.65134
-25.22677
-24.96714
-25.42349
-24.65433
-24.83685
-25.78331
-25.26892
-26.14307
-25.81167
-25.18474
-24.94935
-24.13061
-22.92611
-22.7515
-23.37263
-24.17646
-24.14574
-23.47248
-23.83193
-23.27728
-23.69482
-24.94144
-24.58514
-24.61483
-24.92058
-25.01875
-24.33674
-23.32802
-23.36751
-23.47261
-22.92615
-23.35493
-24.21161
-23.82349
-23.37017
-23.45665
-22.37802
-22.47469
-22.43743
-23.1892
-23.21814
-22.3155
-22.94518
-23.22345
-21.56031
-20.79142
-20.9377
-22.0346
-22.26279
-21.86821
-21.18474
-20.87868
-19.49378
-19.71123
-17.81636
-18.55898
-18.00664
-19.09844
-18.21099
-17.54574
-17.28123
-16.1122
-15.21476
-14.91808
-15.48251
-16.40532
-16.66324
-15.5579
-13.98785
-15.1147
-14.95489
-14.66582
-14.9126
-15.66528
-16.45916
-16.52684
-16.70612
-15.93026
-16.82433
-16.39383
-15.64107
-16.59707
-16.30385
-15.85681
-15.46937
-14.66303
-16.79686
-18.27384
-18.23796
-17.94089
-17.83155
-17.00603
-17.24742
-16.98578
-16.29797
-16.31136
-16.97114
-16.70127
-17.27815
-16.87661
-16.84492
-16.35186
-16.28995
-14.90181
-15.26495
-14.81245
-15.02406
-14.00607
-14.18733
-13.9411
-14.92301
-14.62927
-14.17262
-15.25693
-14.86275
-15.49626
-15.05571
-15.37572
-15.45887
-15.24332
-16.12917
-17.31687
-17.98701
-17.55407
-17.18217
-17.08596
-17.256
-16.85891
-17.76981
-18.08391
-17.79156
-17.96422
-17.69192
-17.54468
-17.8317
-18.53826
-18.37736
-18.12834
-18.30033
-18.93627
-18.84705
-18.4702
-18.75024
-18.21244
-16.82501
-16.99289
-15.48033
-15.79285
-15.37719
-14.99837
-15.66256
-15.46883
-14.88592
-15.78911
-15.12498
-15.0694
-15.13516
-14.94683
-15.37394
-15.59352
-16.12318
-16.35545
-15.91236
-16.41893
-15.94557
-15.78423
-16.63331
-17.09426
-16.86653
-17.68206
-17.08878
-17.52739
-17.32192
-16.53853
-15.99335
-15.85792
-16.66249
-16.64223
-15.82041
-15.33059
-13.92766
-13.92293
-13.85562
-14.13058
-13.87377
-14.36852
-15.08251
-15.33503
-16.2193
-16.50712
-17.09641
-18.38536
-18.03013
-18.34189
-17.6153
-18.13699
-16.59991
-15.7909
-15.98475
-15.66423
-16.54525
-17.08269
-16.78195
-15.67483
-15.70008
-14.80974
-14.95118
-15.65676
