18.4294
18.66612
18.99255
18.70902
17.54838
18.31145
18.5665
18.15141
17.99508
19.43721
19.08239
19.05048
18.22149
17.89984
18.19937
17.26383
18.79067
18.64817
17.00411
16.4013
17.21882
18.13532
18.47854
18.84243
17.68724
17.01177
17.52827
17.99034
18.69496
18.89993
19.81864
19.60052
19.27139
19.05833
18.38967
18.45794
19.32606
18.26179
19.60662
20.42914
20.49019
21.12494
21.41124
21.85485
20.64017
20.60704
19.59643
18.80067
18.14162
18.43291
18.70994
18.41351
18.54878
18.31716
19.36595
19.61028
20.00389
20.32424
19.88087
19.76797
18.31177
17.47752
17.51832
17.00474
16.03467
16.04088
15.86823
16.22816
16.60634
17.26699
18.24007
18.16654
17.89533
18.44141
18.51778
19.35498
19.6682
20.18395
18.3949
19.77262
19.40062
20.17151
20.32574
19.12919
18.28467
18.62092
17.49186
17.33257
16.93281
15.8467
16.10107
15.50809
15.95793
16.20873
16.43298
17.17178
17.86511
18.14783
18.5336
17.25553
18.5522
18.80769
18.51007
17.78667
18.04164
18.02231
18.84762
18.60333
18.78939
18.52012
18.33935
18.18073
18.23124
17.84448
19.70367
18.33041
18.65675
18.4472
17.80066
17.3715
18.65951
19.50178
19.98456
19.57237
19.72838
20.21232
19.52754
19.29492
20.01716
19.74628
18.91448
18.47085
18.26838
18.43935
17.86668
18.38821
18.92559
19.26989
18.4552
17.82365
16.94917
17.85696
18.80732
19.85377
19.46992
20.75411
18.88302
18.37128
20.28145
22.11212
23.46815
24.92768
23.81272
24.32787
23.32467
24.85663
24.14224
21.98234
21.85251
23.08042
22.02855
22.11021
21.39998
21.6739
21.88102
21.32635
20.04704
18.93692
18.35901
18.54436
18.23751
17.28049
18.41642
17.89391
18.51544
19.19706
19.37541
18.75806
18.95435
18.26281
17.32892
17.44095
17.00669
17.36151
17.28246
17.24007
17.78431
16.79776
17.79482
17.20297
16.38814
16.94089
16.37015
15.68456
16.24177
15.51473
15.90416
15.65313
14.96767
15.52333
15.25066
14.90218
16.41513
15.29622
15.04733
14.54142
14.01332
14.98526
15.47348
16.09858
16.42532
16.02028
15.42893
15.27587
15.96663
16.45433
16.11673
16.71805
16.51232
16.70843
16.16458
16.36105
15.87536
15.97848
16.47161
16.48093
16.90243
16.80015
16.31981
16.25393
16.8138
17.18702
17.59813
17.53953
18.59729
19.36256
20.33819
19.00854
19.92367
20.18721
20.11419
19.32661
20.42729
19.43528
18.7546
18.5258
19.67739
19.3782
19.91062
19.7972
20.64886
20.2081
19.84955
19.11628
19.45486
20.68542
18.87535
18.79503
18.61931
18.03446
19.267
20.29252
19.67966
21.35907
20.21518
20.66356
22.12214
22.63288
21.33973
21.25676
20.6935
19.83288
19.54748
19.18748
19.08
18.43498
18.52888
18.47053
17.95661
18.32559
17.98302
17.44108
16.11303
17.32251
17.4127
17.10101
16.759
16.82082
16.97548
17.63562
16.79995
17.64599
17.33172
16.65831
18.19585
17.54996
18.34635
17.78792
19.48146
19.62379
19.10904
19.59442
19.0909
18.36765
17.87453
19.13407
16.97973
16.30507
16.85771
17.99435
17.89499
17.36184
17.32793
17.39687
18.84754
18.65066
18.47777
18.4574
18.73599
18.89349
19.62063
20.99436
20.32408
20.18724
18.51001
18.08144
19.28601
20.12255
20.10426
18.73972
18.45242
17.65304
18.60944
17.54473
16.92647
17.42196
17.82024
16.4067
16.11197
16.37162
15.69347
16.90161
16.06753
16.06854
15.54973
16.94055
17.75316
17.65948
17.20069
17.71293
17.58946
19.24837
19.10769
19.37823
19.3735
19.00024
19.46519
20.56081
20.11082
20.52923
22.42955
21.18306
19.81392
20.33234
20.49487
20.93166
21.14387
20.54198
20.98576
21.1874
20.86129
20.91112
22.1839
21.12623
20.85384
21.37901
21.33532
20.19948
19.39463
18.39446
19.91953
20.94732
19.77959
18.93698
17.51588
17.58613
17.00899
18.11014
19.39884
19.17618
18.08174
17.34973
17.56983
18.05518
17.71656
17.50261
17.37428
17.54041
17.37569
17.53135
17.60842
17.83921
18.17225
17.34547
16.86838
17.13412
16.72037
15.89247
16.08227
15.80238
16.21974
15.4644
16.12473
16.00782
16.03196
16.07613
15.40381
15.23201
14.65682
14.5718
15.34955
15.38177
14.75096
14.93629
15.16851
16.41256
16.26459
16.38292
16.09818
16.02202
16.76818
17.5489
16.84214
17.66264
18.2085
18.7331
18.53892
18.99692
20.26224
18.67717
17.80709
18.24016
18.15742
17.15678
16.52414
17.01889
18.20282
18.74962
17.88767
17.2878
16.22405
16.53474
17.24541
17.4524
17.65653
18.20046
18.10576
18.98071
18.69598
19.11059
19.30578
19.60577
20.64817
19.5526
19.6821
18.60426
18.13282
18.70275
17.37492
17.77936
17.47622
18.20679
17.47222
17.41732
17.37173
17.43101
18.31901
18.27747
20.54188
20.60689
20.54534
19.83865
19.9348
18.96786
20.18467
20.79191
20.70204
19.73352
19.88938
18.75466
19.49337
20.89338
19.9417
19.01228
19.61769
19.68318
19.55136
17.63546
17.13773
17.84087
18.91284
18.86912
20.38921
20.53668
19.73428
20.26561
19.0428
19.33426
18.50821
18.60283
18.23515
18.58769
20.04252
20.52025
20.00447
18.96351
18.70138
18.30721
18.46271
17.69317
17.49902
18.34806
17.36367
18.34302
17.61364
17.26905
17.97396
18.35266
18.51712
18.1257
18.35959
18.46499
17.28454
16.44148
17.07441
17.79609
18.31914
18.78345
18.40603
18.33219
18.69768
19.20202
19.65084
19.61365
18.48217
18.18461
17.80544
18.50545
19.0948
19.35936
18.67802
18.23225
18.72769
19.00119
19.78862
19.57869
19.8147
19.66971
17.67483
18.03667
18.85723
19.65138
19.33058
19.34864
19.59562
20.55849
21.28201
21.19345
21.11141
21.27742
21.92121
21.56568
21.02586
20.43401
20.95593
20.27389
20.98885
21.84807
21.32655
21.37221
21.58857
21.99433
21.50853
20.43428
19.83799
19.5057
18.71151
19.05834
18.34725
19.32874
20.96868
19.81563
19.67
20.45777
20.34403
20.78474
20.36178
21.60225
20.04136
19.43186
19.29425
19.17533
18.93923
18.28344
19.43579
18.01014
17.44366
17.15796
16.36467
16.18081
16.36156
16.44934
15.92853
16.42835
16.05411
18.08921
18.14898
18.26882
18.91772
17.87653
17.1556
17.277
16.46696
16.09422
16.18929
16.9032
17.88851
16.59181
16.98075
17.61421
17.15327
16.31241
15.97364
15.61269
16.79645
15.99416
16.94201
17.6014
16.76796
16.93488
17.16209
17.39938
18.19349
18.4496
17.92439
17.42807
17.19465
17.63801
16.97714
17.02295
17.00277
16.22377
16.76191
17.89341
18.61764
18.45477
19.21353
20.49954
19.26366
19.71059
20.57912
21.99709
20.8532
20.81377
20.39591
19.45348
20.26056
19.56006
18.99414
18.51119
18.53031
16.85393
16.91922
16.70633
16.91733
16.85793
16.9632
17.4735
17.24292
17.2652
16.16876
16.64682
16.50294
16.85613
17.06287
15.98743
16.39455
15.59838
16.36516
16.48879
15.81917
16.12389
17.29914
16.47513
17.50111
17.26121
17.40454
17.23334
16.87396
17.4839
17.94073
19.96215
19.0237
18.94421
17.07408
17.40845
16.3814
17.8517
19.05683
19.25298
19.12753
18.69581
17.83954
17.0699
18.68076
17.10478
17.1274
17.6214
17.03784
16.48348
15.98119
16.68672
16.75944
17.09034
17.57444
17.32966
15.74747
15.63308
14.77175
15.77132
16.6701
16.44292
16.61142
17.59366
16.43883
17.2522
16.64283
16.94073
16.52497
15.7558
17.25653
17.45638
17.76892
17.83746
17.80305
19.79828
18.35506
17.79563
18.01412
18.25428
19.55585
19.18194
18.31368
18.89881
17.95807
18.13386
18.98962
18.69642
17.72223
17.42099
17.74623
17.22017
17.05491
15.71728
17.04501
16.82055
17.67658
17.80357
16.54542
16.14471
16.48955
16.02731
15.90454
16.74364
16.97425
17.07432
16.62708
16.95701
16.8478
17.40693
17.43422
18.08203
17.42571
17.99904
18.96956
19.78646
20.44021
21.34053
20.57705
20.42097
19.68752
19.63928
19.78901
18.96262
18.14441
17.737
17.08857
16.47578
17.10189
18.02972
16.83545
17.35157
17.93527
18.49426
17.81391
16.9979
16.38076
16.66157
17.56191
16.91856
16.83219
16.90271
16.84321
17.48216
15.57087
15.60803
16.81845
18.11823
16.19352
16.31972
15.07233
15.4306
15.79698
17.12938
16.6652
15.76221
15.26491
15.87146
16.48423
16.41486
17.01901
16.82306
16.77127
17.61645
17.95787
16.0946
16.24261
16.99117
17.10502
17.42373
17.47343
17.82509
17.1071
18.12932
18.47457
18.45097
18.63468
18.86192
18.51611
18.64213
19.09805
19.64719
20.01971
20.3999
21.21987
21.31544
21.01099
20.0954
21.26621
22.17416
23.00217
23.06117
22.02162
21.00882
20.23504
21.00527
21.78912
21.08438
20.67581
19.61613
20.09532
19.24619
17.26143
17.56739
17.97483
18.90491
18.32021
18.45109
18.35989
18.21087
18.61897
18.56631
18.44608
17.93645
19.06439
17.94218
17.91263
17.67546
17.98601
18.1616
17.84445
17.23368
16.19215
15.23147
15.80149
15.69445
15.53989
16.05303
17.04707
17.38054
18.25221
18.58065
18.27462
19.00042
19.17067
18.63601
18.7523
18.53034
18.57114
19.66411
18.53787
18.30761
19.94525
19.34915
19.58844
19.00424
19.11996
17.78983
17.27184
17.15209
16.85205
17.37367
16.89399
16.21687
16.77399
16.35005
15.72932
15.80902
15.59659
16.62751
16.5827
15.65633
15.85218
16.2962
17.09339
16.62829
16.88127
17.03872
15.74695
15.74188
17.4099
17.16113
17.47554
19.20886
18.39569
18.87573
18.82363
18.8459
19.72137
21.0886
20.49793
19.62998
19.03983
18.58053
17.31816
17.32599
17.09856
18.60661
19.36369
19.63923
20.03879
20.1265
20.55222
19.61768
19.73849
19.00395
18.28652
18.63839
18.57507
18.90373
19.86484
19.33953
19.1701
20.59956
21.71889
19.83074
20.85388
20.46712
19.09655
19.15756
19.74442
19.71088
19.29031
19.94161
19.20439
18.77859
19.1329
19.9457
20.44788
19.26848
18.92266
18.93943
19.67556
18.88395
18.9622
19.558
20.03277
20.5652
21.41608
20.45002
20.48199
20.30548
19.44205
18.04631
18.63978
18.04231
18.54759
17.63956
18.28648
18.67026
18.74763
18.67248
19.11583
17.83155
19.21401
18.7287
18.93646
18.67609
17.89653
17.81594
17.79987
17.82757
18.01239
17.40632
17.65196
17.56348
18.38022
18.51059
19.80815
19.94786
20.25694
18.93867
18.66349
20.1698
20.44704
20.60387
19.74368
17.67401
18.67179
18.3738
18.05823
18.66619
19.66386
19.13322
18.49191
17.72202
18.27181
19.32649
18.33126
17.5449
18.17662
18.62138
18.4878
20.26732
21.67254
20.43857
19.68887
19.70106
19.69009
20.13199
18.60287
20.46658
19.05462
18.72689
19.80333
21.12938
20.28359
19.20462
18.174
17.58233
17.92783
18.99912
18.49487
19.45439
19.24651
19.63303
20.23452
20.15153
20.53594
19.57234
19.42658
18.4686
18.59089
18.86529
17.81894
17.64928
16.49923
16.86287
17.23145
17.58622
18.94849
18.51633
18.36174
18.20245
17.80693
18.56587
18.70594
18.96705
18.18475
17.86711
18.40084
19.2035
17.97241
18.84561
18.43183
18.77374
18.88972
18.99016
18.62662
19.52724
20.12921
20.47205
19.91705
19.66234
18.97114
18.13832
18.37438
18.06279
19.3362
18.57403
17.73708
17.42492
17.6884
15.38857
17.12444
18.76788
19.3296
19.27478
18.93912
18.78932
18.11483
18.28985
18.99357
18.75652
19.47226
20.54328
19.92806
21.58573
22.33209
23.69349
24.04718
21.80574
22.04562
21.84467
22.85277
23.32959
22.1351
22.54185
22.02725
21.60131
20.71111
20.06944
20.2554
21.00709
20.62341
20.30053
20.96693
20.95604
20.22717
19.85647
19.34238
19.02799
20.07707
19.92118
20.27649
19.10813
19.50112
19.29664
20.24115
20.43391
18.71678
18.37654
18.55804
17.70926
18.29337
19.01816
19.26023
19.49857
17.61651
19.1426
18.85832
17.9947
18.30777
17.05764
16.88358
16.7701
16.77099
16.73908
17.22374
17.83998
17.77902
18.34108
19.33419
18.87772
18.18659
19.00813
18.0706
18.59532
18.30062
18.26592
