148.1057
148.3689
148.7151
148.6298
149.1542
149.7382
148.6619
148.9633
148.4651
147.8505
147.1834
148.2871
148.1585
147.7843
147.9034
148.1423
148.5453
148.3354
148.5257
149.2039
148.1741
147.6812
148.6583
148.0552
147.7496
147.5533
147.1552
147.1325
147.5268
148.7665
149.0189
148.5582
149.7917
150.1009
150.1267
150.3298
149.0584
149.9704
149.5545
148.5919
149.6973
149.8408
149.2121
149.4389
149.5332
149.877
150.2192
151.5104
151.3545
151.2865
150.9258
151.0358
150.5485
150.6263
150.4682
150.2687
149.2737
149.8223
149.0915
148.8705
148.1378
149.1176
149.3757
149.1976
148.2936
149.7193
149.0302
148.9398
148.8506
151.3799
151.8167
151.2397
150.3532
151.2152
150.1162
150.0156
149.8628
149.1043
148.2776
147.854
147.5528
147.9596
147.7951
148.5804
149.6539
149.7938
150.027
149.9094
148.9147
148.7208
148.9988
148.5816
147.9999
147.8754
146.2656
147.022
147.4562
148.6085
149.6972
149.8979
150.2686
150.1083
150.0341
149.6688
150.5768
150.2282
149.9425
149.5519
149.3335
148.2941
147.4923
148.0018
148.0698
147.9224
147.6202
148.1328
149.3616
149.63
150.0905
150.8391
149.9467
150.2775
149.5161
149.0174
148.3206
148.2529
147.7932
147.6454
149.0881
149.8756
150.0466
150.7723
149.8742
150.3013
150.8226
150.7393
150.8189
151.4208
151.7401
151.9076
152.7374
152.6595
151.9201
152.0647
151.9271
151.8355
151.6841
151.9907
151.7543
151.647
151.4113
151.5362
150.5212
150.8612
151.9651
151.939
150.9679
151.3295
151.9463
152.1226
153.3778
154.0723
153.7079
153.8923
154.1047
152.6133
152.8189
152.3846
152.1208
152.2549
151.5553
151.6014
151.6775
151.4178
152.5621
152.38
152.4455
153.0496
154.0262
152.957
152.0289
152.2588
151.3458
151.1994
150.3344
150.0502
150.2194
150.117
149.906
149.962
149.8018
149.5059
148.9278
148.5873
148.9127
149.4773
150.0254
149.5574
149.5886
148.2682
148.3617
149.4687
150.0758
150.6448
150.8797
152.0093
151.6382
151.1846
152.0252
152.6065
152.4946
151.7033
152.6772
152.6695
152.1147
152.4951
152.2943
152.0742
152.3919
151.9613
151.755
151.5852
152.94
152.6095
153.3916
153.0465
153.2701
153.2092
153.9495
153.1508
151.9286
150.9891
151.0673
150.9545
151.8881
151.5878
151.8889
151.7217
150.9324
150.6223
151.9155
153.3315
153.6873
152.8275
152.446
151.7912
152.5974
152.8657
153.0683
154.044
154.648
154.504
154.4948
154.1454
154.8136
154.0481
154.0828
153.9074
153.9568
154.1421
155.1209
154.7492
153.203
153.4783
153.561
153.3799
154.0541
154.4598
155.4293
154.9865
153.74
154.7415
154.5508
154.5813
154.7776
153.5469
153.3431
152.5896
153.2828
153.6767
153.0194
154.1033
153.324
153.4432
152.7797
152.8042
153.9157
155.6023
154.7694
154.3763
153.6772
153.9276
153.9287
152.9796
152.6371
152.8993
152.2779
152.3026
153.4908
154.0502
154.9563
154.8592
154.8713
154.9427
155.139
155.9433
155.6369
154.7652
154.652
155.2834
155.0535
155.7636
155.838
156.227
156.5476
156.2469
157.1864
157.5389
157.4884
157.8712
157.6704
157.2157
157.1799
155.9982
155.3506
155.2527
154.7873
154.5023
154.6375
156.3191
155.0499
155.9774
156.0773
155.6075
155.7529
155.0383
155.6663
155.4752
154.7554
153.1733
153.3505
153.7054
154.882
154.253
152.9567
152.8722
152.3073
152.0702
152.5285
151.9308
151.5731
149.9605
150.4767
150.3695
151.2208
151.3766
151.3061
151.4521
151.7578
151.5154
151.5042
152.313
151.9489
152.0171
152.4936
152.6682
152.7702
152.8714
152.8173
152.8226
152.5857
152.9153
152.9388
153.1384
154.6582
155.6633
155.7975
155.995
155.9105
155.3817
155.1
155.6846
155.2765
154.3554
155.0453
155.9542
157.1152
157.2408
157.0884
157.8977
158.8833
159.2947
160.0802
159.5748
159.6785
160.076
160.2258
158.9616
158.7614
158.2449
158.6349
158.1963
158.5731
158.5733
158.7012
158.1016
158.468
157.5657
158.635
159.0615
159.0738
159.4103
160.5005
161.4435
161.4166
161.2087
160.5937
160.7633
160.5988
160.555
160.7569
160.768
160.942
161.3585
161.9393
161.4286
161.2867
162.2777
163.4248
164.2672
164.3262
164.1357
163.7304
164.7041
163.9125
164.1333
164.5838
165.0119
164.4838
165.2326
164.7256
163.8527
162.877
162.3227
161.2201
161.7258
162.3874
162.9685
162.9029
163.3426
163.9492
163.3212
162.9098
162.1405
162.1078
162.3267
162.9745
164.1578
163.6194
163.9118
163.1823
163.0826
163.3056
163.4842
161.9712
161.8801
161.1388
161.1814
161.3534
161.4736
161.8813
162.2323
161.8605
162.1275
161.8104
161.6073
162.5761
162.2931
163.7004
162.8085
162.6862
163.1285
163.4227
163.3424
162.4808
162.3122
161.4715
161.5368
161.5833
160.9178
161.2845
161.3618
162.0051
162.2939
161.21
161.2927
161.198
161.0975
160.4673
160.5022
160.98
160.6194
160.9443
160.8174
160.7446
161.0302
160.9693
161.4766
161.6696
161.8076
162.7314
163.2233
163.1253
163.1404
163.1969
163.7294
163.6151
164.104
163.8397
163.2583
163.9357
163.9753
164.4162
164.6623
164.8102
164.3905
164.4978
165.145
165.6058
164.5965
164.4322
163.9095
164.9444
164.8322
164.6133
163.7019
164.1158
164.0738
163.104
162.5488
162.5852
161.9803
163.1934
164.3133
164.7187
165.3926
166.1205
166.2134
165.9964
165.932
165.4544
166.0998
165.8191
165.9738
164.9711
164.0427
164.0232
164.6956
164.3715
163.7584
163.6709
162.1242
160.681
159.9329
159.4293
160.4662
161.0624
161.7596
162.5656
163.6119
163.6705
163.7205
162.8005
163.2194
162.9517
163.7537
163.1724
162.5166
162.5305
162.3544
162.6303
162.4547
161.9111
162.641
163.226
162.6839
163.0369
163.3248
163.3776
164.0426
163.6226
163.7172
164.2025
164.7683
163.9655
164.5704
165.1216
163.8171
163.6389
162.7494
163.2014
163.4467
163.5187
164.0318
165.3609
165.9634
166.444
166.407
166.4658
166.8161
167.2491
168.2597
167.6982
166.4485
166.2935
165.7773
166.1808
166.4283
166.2096
166.3231
166.5575
166.5029
166.2664
166.4547
166.4677
165.3359
165.3044
164.2505
163.1657
162.2447
163.0717
162.6643
161.9206
161.8265
162.5131
161.3284
160.6446
160.4009
159.8258
159.783
160.6514
161.4725
161.3534
160.2004
160.2031
159.4243
160.2369
159.7265
159.3352
160.227
160.0977
160.6934
160.7372
159.929
159.7485
160.5773
161.0656
161.6821
162.6423
163.0409
162.8952
163.6182
163.3773
163.9049
164.2756
164.1091
164.1075
163.9047
164.7131
166.8192
166.6318
166.2782
165.819
166.3083
166.4516
167.5735
167.3113
166.6339
166.2867
167.1015
167.2947
167.483
167.4909
167.4204
167.6742
167.546
168.5336
168.1296
168.4197
166.8507
166.575
167.5385
167.5714
167.6142
167.0545
166.9085
166.4551
166.5621
166.2128
165.856
167.0463
166.4255
166.3688
166.3611
166.7912
166.299
166.19
166.879
165.654
165.6671
166.9083
166.727
166.1945
166.8602
167.721
166.7377
166.9498
167.5583
168.4012
167.8113
167.0426
167.3682
167.7464
167.5573
167.7532
167.8081
168.2534
168.6273
168.4265
169.0739
169.5461
170.052
170.1407
169.539
169.5325
169.2306
168.1593
168.9344
169.5076
169.535
168.8106
168.7213
168.8606
168.8008
170.1464
169.4969
168.6904
168.2979
168.3559
168.4031
168.1408
168.5034
168.2197
169.1661
168.943
168.4622
168.1455
167.8855
168.6685
169.4956
169.7841
170.1233
169.9786
169.9945
169.819
169.0217
169.0288
168.2936
167.9164
168.3016
168.4626
169.0107
169.8017
170.145
170.0831
169.2603
169.8649
169.3332
170.3351
171.2111
171.271
170.7651
170.8596
170.227
170.7315
171.1663
170.831
171.8722
172.9673
172.8949
173.1396
172.7992
172.9173
172.0116
171.3278
171.0188
171.2115
171.954
172.9652
172.9776
172.7664
172.9382
172.4155
172.1443
172.6878
173.5678
172.8967
172.1521
172.5772
172.4109
172.9722
173.4205
173.8364
173.6658
174.069
173.8447
173.4019
173.7437
173.5597
173.6645
173.445
172.952
173.5173
175.0018
174.5893
175.7482
175.9484
176.1399
175.7161
174.8783
175.4425
176.1343
176.964
177.101
177.1959
176.343
176.1607
176.0682
176.3943
175.6084
175.6411
175.4545
175.6037
174.6374
174.9182
175.8413
174.7696
175.2929
174.971
175.2467
174.3818
175.5465
176.6933
176.8087
176.1042
177.157
177.383
176.6169
176.7018
176.6207
176.0996
176.9318
177.1897
178.0208
178.122
178.8101
177.9805
176.7674
177.1296
176.2623
176.8963
176.3257
176.4436
176.4813
176.4129
176.5695
176.8383
176.6907
176.9154
177.1037
177.2538
176.7122
176.8006
176.8925
177.0373
177.7953
177.9605
177.2523
176.367
176.6003
177.4791
177.1851
177.7966
176.9387
176.5843
176.3805
175.8231
175.8851
176.2485
176.517
177.1439
177.1764
176.7421
177.3256
178.1846
178.8936
178.5947
178.7642
178.7856
180.1437
180.5393
179.7435
180.8777
180.0004
179.7236
179.6682
180.9082
181.0511
180.7817
181.5471
182.4336
182.8577
182.341
180.3079
180.8554
180.9701
180.6869
181.4572
179.9116
180.0235
180.3098
180.5423
180.7201
181.053
180.1109
179.9687
179.3046
179.4147
180.0131
179.6511
180.2409
180.1798
180.9357
180.1055
179.1847
179.7803
179.6909
179.6217
179.2096
179.352
179.7675
179.092
178.2685
177.8535
178.484
177.9211
178.7106
178.7748
179.1755
180.2606
180.1212
180.2241
179.7466
179.3673
179.0235
180.0088
180.269
180.1346
179.373
179.3311
178.5327
179.1539
178.5714
178.154
178.0468
177.7741
177.3076
177.1117
178.5041
179.0953
179.5355
179.4388
180.9961
182.0555
181.3035
182.2246
182.4012
182.1378
181.0633
181.3608
182.8315
182.0805
181.8396
182.3694
182.5758
182.6761
183.7875
183.7495
183.854
184.3932
184.0027
183.6518
183.3306
182.2142
182.2567
182.4068
183.2251
184.0654
183.1783
181.342
180.7185
180.4034
181.0379
181.7989
181.4409
180.9607
180.4101
180.4958
180.3648
180.5072
180.1662
180.0711
179.9328
179.3189
179.6514
179.4714
179.7677
180.7306
181.0004
180.7421
180.7073
180.2828
180.1537
179.4446
179.1513
179.6348
178.0518
177.4879
177.7641
178.6107
178.2899
177.4943
176.7187
175.9454
174.9383
174.4185
174.043
174.7308
173.4298
174.4994
174.0462
174.485
173.9781
172.9504
172.0167
171.1801
171.4291
172.6276
172.3735
171.6467
170.5605
171.2035
171.34
171.6747
171.7246
172.7474
172.6578
172.2274
172.0951
171.0837
171.1624
171.5389
169.8728
169.9116
169.3745
168.8556
168.6825
168.44
169.8117
169.9933
169.7661
169.5213
168.979
169.5483
169.2851
169.8542
169.4111
169.004
168.956
168.5962
168.3231
167.8498
167.8312
166.7296
167.4945
166.2634
166.5949
166.3474
166.7938
166.6261
166.3086
166.5139
167.3603
166.8986
166.9698
167.628
166.9354
166.8345
166.6924
166.9438
166.5428
165.9145
165.9107
166.1735
166.6597
166.1209
165.8648
166.0018
166.1396
166.0843
166.3235
167.5774
166.9773
167.3076
167.6252
167.632
167.2825
168.4142
168.2633
167.57
167.7167
167.63
168.2648
168.0311
168.0634
168.341
167.3623
166.5103
166.0865
166.6134
166.0472
166.603
166.2709
166.8091
166.1368
167.5677
167.1362
167.5382
167.9186
166.9764
166.9148
167.5996
167.4704
167.9837
169.0855
169.6346
169.4429
168.5925
168.2381
168.5584
167.9433
168.1925
168.6345
169.2823
168.6142
167.727
167.6018
167.3131
166.4471
166.0734
165.3555
164.5491
162.9999
162.6189
163.0145
163.1395
162.2413
161.395
161.4892
161.8367
162.7115
162.4558
162.4999
163.4897
162.6999
163.0311
163.7176
164.1826
163.2929
161.9411
162.4831
162.3627
162.9368
162.9965
163.5442
162.2086
162.5451
162.3156
162.3703
162.3959
