50.13633
50.71822
49.72073
47.61811
49.55287
47.4584
51.3753
49.80602
50.20877
51.49347
46.3085
50.25497
45.04624
46.93616
51.34875
49.80215
49.40495
50.46397
45.35511
48.92084
48.27118
47.06468
45.04636
51.26253
46.44544
45.41237
47.35668
50.23246
50.95568
50.39051
49.85574
49.95397
48.49754
47.57595
46.00084
48.49242
50.13173
47.49405
48.37393
50.33399
51.90927
52.13935
51.13846
50.24765
48.39516
51.77721
49.78477
48.87823
50.28903
47.63467
47.50921
52.26665
49.19681
49.93775
50.29683
47.96921
46.77372
50.30713
47.24354
50.11595
48.06674
49.12674
49.00642
48.27048
45.91263
47.26125
45.90642
46.53677
43.08937
46.72332
51.59382
48.13045
47.95315
49.25349
46.51735
49.0951
51.99725
53.46803
45.5382
44.45122
50.99323
52.4439
51.66307
49.53169
48.16112
50.64437
46.66057
46.96839
48.56495
49.41521
47.11239
43.41764
44.91044
49.38052
48.64699
47.06754
45.56907
50.99049
49.38644
49.83454
47.77176
47.24492
47.26847
48.83291
47.51943
50.05577
51.5385
49.31699
49.21655
49.14367
50.28637
46.06598
49.75663
47.89911
47.86017
48.0335
45.16885
50.46485
49.26073
47.32664
52.42118
48.51898
49.40155
48.8747
52.68274
50.08732
48.2143
46.0623
50.82663
47.8813
48.4906
47.58548
48.69616
47.24799
46.15884
46.53538
49.5911
49.55941
49.96825
47.03487
51.51054
46.40669
47.88979
49.65669
49.75641
46.22531
46.46362
47.44124
52.75592
51.79751
48.72437
54.21528
53.3909
53.83075
57.03402
51.90546
48.80655
52.06697
50.47829
49.97292
52.50521
49.73348
50.70329
47.61378
49.964
50.97987
49.53822
46.55883
49.57746
45.55855
49.87936
48.39646
48.53744
49.06673
51.24405
48.12116
49.23193
45.68274
49.96048
48.89484
48.28843
45.65892
45.89443
50.63965
48.51938
48.71365
47.21471
47.31859
47.06133
51.05627
45.82965
49.11769
45.14689
45.62144
45.92432
45.22915
47.71968
47.82276
46.09684
51.5429
48.16937
46.79826
50.74282
44.98887
45.75046
44.84138
45.45565
50.52286
51.09469
45.58841
46.28228
46.33835
45.60177
47.42236
45.1678
46.6581
45.19977
45.69338
43.72854
47.17021
42.37857
45.33439
45.39299
45.99788
44.6932
45.358
47.41712
44.14184
45.89179
47.90049
47.80962
48.16985
49.31944
49.77254
49.02886
49.56297
48.75082
50.8387
49.4917
50.09067
46.13242
51.07517
46.85683
48.61753
48.0451
48.11576
49.26469
49.23451
48.37634
49.52147
48.9919
48.52575
48.08489
51.119
51.24673
51.36612
48.82587
45.84029
46.36363
43.96954
51.2875
53.83549
48.90461
52.22599
53.78519
49.36424
49.75616
50.0701
48.10124
50.85615
47.6839
47.68873
51.78109
48.17198
49.08733
46.96746
43.42346
48.30921
49.23041
50.9277
47.96839
48.33379
46.10465
48.30555
47.14827
48.40315
47.1028
45.21123
49.90295
52.05759
49.38671
48.10186
44.79974
46.45034
45.75794
50.19461
50.50593
50.67076
46.78227
50.12843
50.62991
45.82228
48.99525
43.84888
49.37558
49.20124
45.51992
44.3334
49.10671
48.29889
46.10712
46.12733
46.86753
46.20061
50.52973
47.88384
48.89172
48.62708
47.89984
49.30527
48.53
47.86679
48.15925
50.94753
45.36882
47.1566
50.29333
54.87769
52.70308
49.97522
45.43343
49.1505
52.22707
49.39533
47.56371
50.85764
46.27037
44.84738
45.70924
46.11077
47.76592
48.18306
45.4693
46.98241
44.96696
44.66488
51.49101
51.69161
51.13884
48.412
48.31319
52.24805
50.04339
46.6662
48.04634
49.89032
46.53537
48.59478
46.8436
47.34684
50.29564
51.63692
48.36651
50.10843
48.88847
49.30212
53.52655
49.91373
46.78841
49.30352
51.39421
52.41964
49.63175
50.04621
51.0393
51.28773
54.3577
56.50902
47.18934
49.13261
50.68575
50.79542
52.80469
50.95446
46.2343
48.50024
45.22907
46.93561
49.72126
49.40433
50.15941
44.12633
45.77115
44.43783
46.27607
47.40769
44.54976
47.37327
46.04606
46.43495
44.31504
47.59719
51.93391
47.22037
45.4823
49.26001
45.61549
45.14562
44.08382
50.47481
48.52608
48.67959
46.48908
47.29445
45.61829
51.875
46.24017
51.00929
46.34675
42.35482
47.63377
44.99109
44.61668
45.26153
43.32975
44.72958
47.12148
49.12201
50.52077
48.73184
46.80788
47.87293
46.86159
45.55285
47.98873
50.23322
50.81151
51.91981
52.51931
49.2893
50.61543
47.95572
48.50801
49.28629
48.0266
45.14293
48.57703
48.92893
46.77737
46.13571
44.8765
45.2898
45.60155
51.97354
47.47761
49.78784
50.28166
49.00663
49.49365
53.4462
48.17466
51.13027
50.87223
50.99735
48.89927
50.36169
46.35023
51.45382
48.54495
49.33084
46.79363
49.33124
45.87727
45.3095
46.08238
46.0783
51.34841
46.05934
53.52447
50.75031
47.42579
49.68382
50.238
46.53187
51.82695
51.32342
47.1798
47.63683
48.41626
48.31943
48.96879
48.42384
47.28534
48.19382
49.01518
49.36283
47.87254
47.14975
47.48407
48.73471
51.01251
51.92644
50.29607
50.7313
48.64378
47.18892
48.78904
53.05188
46.72201
46.06644
46.90695
47.49445
50.74048
50.89917
46.8399
47.53735
50.20525
47.70009
45.70592
45.92028
48.33539
49.70989
45.96024
46.18421
45.69051
49.47875
50.86877
48.61857
45.54833
44.93396
47.99887
47.5716
49.24963
46.69815
49.34039
48.41612
50.85865
50.3637
49.90406
47.44087
51.43961
48.27783
48.97553
50.42554
50.72601
47.07731
49.90975
48.7253
49.05504
48.45588
48.48756
50.44836
48.86553
52.11142
48.58132
53.49481
52.37675
48.90756
51.00464
45.73608
48.84115
47.27345
51.96028
48.19571
46.97555
52.25539
50.56843
52.94627
50.52409
50.10874
51.17031
50.0591
52.64778
51.25345
50.5135
47.84328
51.87592
49.96918
54.97813
49.69099
50.63256
50.56993
48.69605
51.14618
50.12548
47.91019
46.44218
49.16004
47.33768
49.14873
48.35434
47.87788
46.73396
50.70319
48.89405
52.9007
52.10833
52.1011
50.81642
54.43393
47.53919
51.28326
53.39227
51.70338
52.21947
47.33313
47.2871
46.80831
46.90057
47.6724
43.09152
46.6588
49.03039
44.35591
49.82775
49.71607
46.69783
48.46191
50.41093
50.50413
46.13949
50.50753
46.94383
44.9395
47.82055
47.7972
50.63884
48.43567
46.15874
49.08884
50.78895
45.85689
46.95125
41.71083
49.12006
47.64161
48.84991
49.98128
48.4389
49.82201
47.5502
48.00282
48.39411
47.88473
45.5051
46.255
47.00768
48.81311
51.43834
50.45226
44.31221
47.01076
51.00037
50.52595
47.65028
47.43919
51.45838
49.69668
50.36174
48.19208
50.83135
51.04206
53.49847
51.55979
46.71452
50.48002
48.84376
50.73413
47.89673
49.86557
47.24703
50.11935
45.96298
51.15981
48.04115
47.13212
48.64408
49.42362
45.68675
47.20645
49.49644
46.95261
47.04296
48.12629
47.56453
43.77016
45.63112
45.99313
45.98399
44.82699
44.25564
46.87861
46.48607
44.53045
47.70373
46.15602
46.03096
42.00661
49.32874
49.79461
50.06909
49.32306
45.59824
49.89962
48.29503
45.60264
49.36854
45.73901
49.19395
49.28399
49.52847
47.04409
47.42212
45.32687
48.65378
46.39703
44.79738
45.1466
47.20176
47.73231
48.02921
41.68325
46.77703
46.09008
49.14559
46.94629
47.7672
41.68247
41.20667
45.65565
45.0239
46.02972
48.31533
51.81658
48.88828
48.535
49.44274
46.89497
44.76726
45.78404
48.99231
50.94164
46.73069
48.14154
49.20739
51.18318
49.99642
46.34775
46.03828
47.96779
48.59969
50.92174
49.52183
50.52943
47.59909
46.66834
47.4092
50.72971
47.02022
46.56754
45.51045
45.02493
47.28222
47.28051
47.35923
50.97232
49.12594
48.09485
47.97309
44.68197
47.26881
46.92598
45.80322
47.63127
46.46166
47.36873
45.57908
52.02448
48.7794
49.24613
48.77608
49.09916
48.9025
48.99985
49.07309
50.92192
48.10135
52.00039
50.03215
49.87309
49.20818
50.96643
48.99229
49.24866
51.27646
46.75788
44.70324
46.34544
45.91705
49.89526
44.308
46.37524
47.27011
51.01754
44.2725
44.76632
49.65873
48.48852
44.79485
48.36268
50.14814
49.13695
50.56034
49.35339
53.86268
46.03014
47.19749
49.90553
45.28947
51.23618
49.46571
44.61587
46.39556
50.26415
45.877
45.8869
44.43563
48.58199
51.08213
48.26392
49.20787
49.51583
46.82187
49.68168
48.55042
48.38629
50.1534
45.33221
47.7602
50.62102
44.76908
44.94694
44.55524
45.01214
44.86885
48.16574
46.42925
50.31313
49.02909
47.89395
47.4598
48.2811
50.76109
49.29635
50.86912
53.86413
48.54902
49.45566
50.40938
53.74031
48.71143
49.92223
49.16896
45.48244
46.30977
47.69048
52.40124
51.66159
50.87515
48.95926
51.49042
48.20345
43.78643
47.80537
48.0828
49.20436
46.87461
49.12745
50.63641
51.27026
48.00735
52.08868
46.57919
50.40051
49.78681
50.70916
46.05446
47.41245
50.14167
47.28488
49.94063
46.44866
47.30517
50.15396
46.98605
45.78903
46.87176
46.64047
45.60445
54.18051
49.8447
47.69874
47.19972
49.68342
50.35103
49.62496
52.76184
48.10646
48.28571
49.64794
48.2235
52.89661
48.19661
50.54021
50.28962
49.31466
50.5295
48.6013
44.58875
49.51114
45.20089
46.70858
50.20494
46.9338
45.25647
45.79755
46.07425
46.51275
47.05374
47.67307
46.2279
44.90519
48.882
48.7009
47.41802
48.00552
48.77838
48.46718
48.54257
44.82712
46.96204
44.10329
43.64726
48.46594
50.29631
51.02534
51.43479
47.40956
50.07587
47.71275
51.36493
49.1292
51.31298
45.77983
47.32289
47.9595
47.97234
47.5523
51.16364
51.28043
49.09542
46.75753
48.1503
52.32482
48.25408
47.00953
49.41787
47.52092
49.14868
49.99206
50.0217
48.86116
49.14186
51.72509
50.06516
48.15957
50.12205
49.59544
47.59678
50.68757
49.59492
54.2995
51.98715
52.50559
47.47543
47.01065
47.06919
46.90959
49.59019
47.38206
49.33677
50.17918
43.25909
46.27655
48.6467
48.24826
51.35025
47.04005
48.96281
49.85709
51.69591
50.5904
47.62739
47.56736
46.56418
48.41054
47.51894
48.53332
46.43437
48.67761
50.83566
46.44275
49.54773
49.69275
49.72882
48.01563
52.72763
48.03738
48.03896
44.29682
48.18261
50.79595
47.32117
48.39447
50.93208
48.00328
48.09143
49.02911
51.3556
48.59569
50.63051
46.41406
50.15433
54.54626
50.60849
52.97258
50.02992
47.83417
45.22117
49.14812
47.04485
46.51704
50.75461
46.11288
48.7835
46.1275
47.47408
50.98928
47.25484
48.00254
47.0931
53.13877
51.1761
49.54122
50.32971
48.93328
48.75816
47.76218
49.13443
49.52347
51.62001
49.98063
48.29054
48.83999
48.36109
48.60019
50.34892
52.31616
51.74848
50.51052
47.35822
49.03461
48.8856
49.26526
46.9208
48.85627
48.06521
50.42228
49.26524
51.43331
45.26023
47.24327
49.91587
52.19805
52.07635
47.8659
47.23133
45.21586
44.50414
47.43056
48.27877
45.42889
50.46573
48.76615
49.81698
49.37294
47.01912
50.5855
47.06515
48.89623
52.84265
50.20571
47.82072
47.90416
48.50819
46.79936
48.96115
49.56991
47.08781
48.67337
49.9689
51.99725
50.36181
51.61985
49.9333
48.69956
48.40596
51.96449
45.3002
51.14335
47.13001
47.70394
44.30734
44.17978
49.8767
49.02532
48.11854
48.59245
49.90403
49.47348
49.37791
52.74243
52.47636
48.13715
49.17998
51.2824
52.82418
54.59298
52.1815
54.45277
54.91102
55.58282
50.33005
57.02634
50.43411
55.88568
50.11525
49.66714
50.93302
53.79088
49.1872
48.87344
49.57222
53.49548
54.35387
49.76925
51.31768
50.70186
49.21607
50.11466
47.65898
50.80348
50.65194
48.91303
47.92085
52.31665
49.66753
49.80496
50.93227
52.4665
47.20961
49.37374
48.76429
54.21305
50.42275
46.87776
47.33287
52.87918
47.34186
47.34386
52.58842
47.46092
46.96295
45.39642
46.1231
45.94397
44.08763
46.81527
48.58994
45.69636
51.39343
50.97058
47.52516
47.77519
49.76657
48.88621
48.79428
48.26937
50.00557
48.86591
